2 2 15 4
0.00 160.00
0.00 160.00
0.00 160.00
0.00 160.00
18 17.0000 33.0000 0.00 41.00
20 57.0000 58.0000 0.00 28.00
1 37.0000 52.0000 0.00 7.00
40 5.0000 6.0000 0.00 7.00
26 27.0000 68.0000 0.00 7.00
9 52.0000 33.0000 0.00 11.00
47 25.0000 32.0000 0.00 25.00
42 21.0000 10.0000 0.00 13.00
4 20.0000 26.0000 0.00 9.00
50 56.0000 37.0000 0.00 10.00
25 7.0000 38.0000 0.00 28.00
16 52.0000 41.0000 0.00 15.00
30 58.0000 27.0000 0.00 19.00
10 51.0000 21.0000 0.00 5.00
33 46.0000 10.0000 0.00 23.00
51 20.0000 20.0000 0.00 0.00
52 30.0000 40.0000 0.00 0.00
53 50.0000 30.0000 0.00 0.00
54 60.0000 50.0000 0.00 0.00
